AfratResort
4
3
3
I_V_A_N
327449724
27
0
A_M_I_T
328547985
25
0
S_H_A_H_A_R
365854798
25
0
A_F_E_K
327854765
25
1
Y_A_H_E_L
365485765
24
1
T_O_M
354854741
28
0
T_O_M_E_R
354852654
26
0
327449724
12
5000.000000
1
328547985
123
3500.000000
0
365854798
1234
4000.000000
0
327854765
125
6000.000000
2
365485765
354854741
354852654
365485765
3
5
2024
15
5
2024
2
1
354854741
25
6
2024
6
7
2024
1
0
354852654
1
8
2024
15
8
2024
0
0
3
K_O_B_R_A
WERE
2000
1234
R_O_C_K_E_T
RFGT
3500
12
F_L_A_S_H
IKJU
5000
123
3
IKJU
WERE
4000
2
IKJU
RFGT
2500
1
RFGT
WERE
2300
0
